00000000 00300093 00000004 00000001 00000003 00000000 00000000 00000000
00000004 ffd00113 00000008 00000002 fffffffd 00000000 00000000 00000000
00000008 fcf00193 0000000c 00000003 ffffffcf 00000000 00000000 00000000
0000000c 03500213 00000010 00000004 00000035 00000000 00000000 00000000
00000010 fc900293 00000014 00000005 ffffffc9 00000000 00000000 00000000
00000014 fd600313 00000018 00000006 ffffffd6 00000000 00000000 00000000
00000018 fdb00393 0000001c 00000007 ffffffdb 00000000 00000000 00000000
0000001c fbe00413 00000020 00000008 ffffffbe 00000000 00000000 00000000
00000020 05e00493 00000024 00000009 0000005e 00000000 00000000 00000000
00000024 fb200513 00000028 0000000a ffffffb2 00000000 00000000 00000000
00000028 fdc00593 0000002c 0000000b ffffffdc 00000000 00000000 00000000
0000002c 05600613 00000030 0000000c 00000056 00000000 00000000 00000000
00000030 00000693 00000034 0000000d 00000000 00000000 00000000 00000000
00000034 00100713 00000038 0000000e 00000001 00000000 00000000 00000000
00000038 00200793 0000003c 0000000f 00000002 00000000 00000000 00000000
0000003c 00e70463 00000044 00000000 00000000 00000000 00000000 00000000
00000044 00f70463 00000048 00000000 00000000 00000000 00000000 00000000
00000048 ff340513 0000004c 0000000a ffffffb1 00000000 00000000 00000000
0000004c 00f71463 00000054 00000000 00000000 00000000 00000000 00000000
00000054 00e71463 00000058 00000000 00000000 00000000 00000000 00000000
00000058 ff638313 0000005c 00000006 ffffffd1 00000000 00000000 00000000
0000005c 008006ef 00000064 0000000d 00000060 00000000 00000000 00000000
00000064 00602423 00000068 00000000 00000000 00000001 00000008 ffffffd1
00000068 07010593 0000006c 0000000b 0000006d 00000000 00000000 00000000
0000006c 005093b3 00000070 00000007 00000600 00000000 00000000 00000000
00000070 fe838093 00000074 00000001 000005e8 00000000 00000000 00000000
00000074 008114b3 00000078 00000009 40000000 00000000 00000000 00000000
00000078 06c50213 0000007c 00000004 0000001d 00000000 00000000 00000000
0000007c 00418333 00000080 00000006 ffffffec 00000000 00000000 00000000
00000080 00a47633 00000084 0000000c ffffffb0 00000000 00000000 00000000
00000084 0035f4b3 00000088 00000009 0000004d 00000000 00000000 00000000
00000088 00308133 0000008c 00000002 000005b7 00000000 00000000 00000000
0000008c 0023a5b3 00000090 0000000b 00000000 00000000 00000000 00000000
00000090 003155b3 00000094 0000000b 00000000 00000000 00000000 00000000
00000094 0070c533 00000098 0000000a 000003e8 00000000 00000000 00000000
00000098 007491b3 0000009c 00000003 0000004d 00000000 00000000 00000000
0000009c 0045e0b3 000000a0 00000001 0000001d 00000000 00000000 00000000
000000a0 0074a2b3 000000a4 00000005 00000001 00000000 00000000 00000000
000000a4 00867333 000000a8 00000006 ffffffb0 00000000 00000000 00000000
000000a8 00c601b3 000000ac 00000003 ffffff60 00000000 00000000 00000000
000000ac 00c02823 000000b0 00000000 00000000 00000001 00000010 ffffffb0
000000b0 00702623 000000b4 00000000 00000000 00000001 0000000c 00000600
000000b4 40518133 000000b8 00000002 ffffff5f 00000000 00000000 00000000
000000b8 0033f1b3 000000bc 00000003 00000600 00000000 00000000 00000000
000000bc 008364b3 000000c0 00000009 ffffffbe 00000000 00000000 00000000
000000c0 006162b3 000000c4 00000005 ffffffff 00000000 00000000 00000000
000000c4 009175b3 000000c8 0000000b ffffff1e 00000000 00000000 00000000
000000c8 001540b3 000000cc 00000001 000003f5 00000000 00000000 00000000
000000cc 00739233 000000d0 00000004 00000600 00000000 00000000 00000000
000000d0 007393b3 000000d4 00000007 00000600 00000000 00000000 00000000
000000d4 003114b3 000000d8 00000009 ffffff5f 00000000 00000000 00000000
000000d8 00760333 000000dc 00000006 000005b0 00000000 00000000 00000000
